8.47
9.07
10.09
11.07
12.90
13.13
14.14
15.17
17.22
17.22
18.20
20.51
20.28
21.26
22.27
23.31
24.27
25.32
28.02
27.34
28.37
29.37
30.31
33.45
32.40
33.39
34.38
35.35
36.37
37.38
38.38
42.00
40.56
44.17
42.52
46.34
44.64
45.52
46.62
50.70
48.72
49.71
50.02
49.96
53.23
50.12
50.04
50.02
53.24
49.97
50.01
50.00
50.00
50.01
50.02
50.04
53.31
53.18
50.15
50.01
53.40
53.24
50.00
50.03
49.97
53.23
50.01
50.02
50.01
50.01
50.06
53.24
50.02
50.00
53.35
49.97
50.00
53.14
50.07
53.27
50.00
49.91
49.99
50.03
50.00
50.04
49.95
50.02
50.02
53.29
50.10
53.28
49.98
50.01
49.98
53.27
50.16
53.45
53.13
49.92
50.19
53.27
53.32
53.22
50.03
50.02
49.99
53.16
50.15
49.91
50.08
50.04
53.33
53.21
53.35
49.98
49.96
49.97
53.10
49.92
49.99
49.98
49.97
49.94
49.88
49.98
49.95
50.03
49.99
49.79
49.86
50.09
53.17
50.04
50.03
49.94
50.03
50.12
49.96
50.07
50.00
53.34
53.23
53.27
49.89
49.92
53.20
49.90
49.85
53.02
49.91
49.74
53.12
49.79
53.15
49.93
49.86
53.17
50.00
50.03
49.97
50.00
49.94
50.02
50.10
53.28
49.98
50.00
50.03
50.01
50.00
50.03
50.04
50.05
49.96
53.36
53.32
53.19
49.98
49.99
50.13
50.00
49.98
53.19
50.06
50.08
53.31
50.05
53.28
50.01
49.91
49.94
49.88
53.39
52.31
49.86
53.08
49.94
49.82
49.87
49.91
49.63
49.89
52.88
49.65
52.73
49.82
49.95
49.74
49.91
50.00
50.00
53.06
52.68
49.97
49.96
49.99
49.92
50.02
49.93
49.68
52.85
49.55
49.99
53.22
53.15
49.96
49.96
50.01
50.06
53.24
50.04
50.09
53.33
49.91
53.02
49.93
50.07
53.37
53.22
53.11
49.51
49.97
49.99
50.12
49.74
52.74
53.23
53.39
53.22
50.07
49.96
53.35
50.00
53.42
53.17
50.07
50.09
50.00
49.79
53.11
49.94
49.97
53.13
49.93
52.50
49.99
49.91
53.34
50.21
53.18
53.20
49.54
49.03
51.48
53.25
50.09
49.99
50.01
50.03
49.93
53.34
51.08
52.16
48.93
49.49
52.87
49.88
49.93
50.20
53.17
49.94
53.60
53.09
53.39
50.02
53.02
49.36
52.55
50.09
48.52
53.22
50.10
48.84
53.17
49.91
49.98
49.92
53.24
49.98
50.05
49.97
50.11
53.19
50.35
52.93
49.91
50.16
53.05
49.58
52.65
49.93
53.00
50.02
49.93
49.97
53.07
49.83
49.55
49.84
49.95
49.89
50.01
53.09
53.22
49.82
49.66
49.67
49.81
49.79
49.59
49.86
49.90
53.24
53.00
53.20
49.86
49.26
49.97
49.96
49.88
53.18
49.96
50.09
53.46
53.24
49.98
50.08
50.00
50.03
53.12
50.03
50.02
49.99
50.20
53.06
50.09
50.01
49.92
50.00
53.46
53.12
50.04
50.00
49.97
50.04
50.07
49.96
50.06
49.98
50.05
53.18
50.07
50.00
49.98
49.99
53.17
50.07
53.19
50.05
53.22
50.03
49.99
50.01
53.34
49.96
50.07
49.98
53.35
53.27
50.08
49.99
53.23
50.01
49.99
49.98
49.94
50.07
49.98
50.00
53.24
50.03
50.08
50.07
53.15
50.02
50.03
50.03
49.94
53.24
49.97
49.93
50.02
49.92
49.91
49.97
50.08
50.09
52.96
50.00
49.99
49.96
53.26
49.82
50.23
53.09
50.01
49.99
49.92
50.09
53.27
50.08
50.04
53.23
53.28
50.05
49.97
49.99
53.38
53.23
50.05
50.04
53.17
53.30
53.13
53.38
53.18
53.11
53.26
49.90
49.99
53.17
53.07
49.98
50.06
53.31
49.99
50.08
50.00
53.44
50.00
49.96
50.00
53.43
53.14
50.00
49.96
50.20
53.15
50.00
50.22
53.13
49.96
50.13
53.29
53.34
53.24
50.05
50.08
49.95
50.16
53.19
50.09
53.24
53.45
53.23
53.29
50.06
53.19
50.12
49.99
50.02
50.01
49.95
50.16
53.12
50.13
53.18
50.03
50.00
50.03
49.97
53.26
50.12
53.26
53.31
50.00
50.07
53.19
49.95
50.00
49.95
49.87
50.03
53.22
50.02
53.24
49.89
53.22
50.13
49.89
53.24
53.14
49.93
50.05
53.26
50.06
50.07
50.16
53.28
49.94
53.35
53.28
53.14
50.00
50.03
53.30
50.21
50.06
53.17
50.04
50.00
49.96
49.97
49.97
50.32
53.10
53.15
49.95
49.92
49.88
53.16
50.01
49.94
49.88
49.95
50.00
49.89
52.70
49.80
49.82
49.85
49.98
49.95
49.98
49.98
53.43
53.29
53.15
50.10
53.20
50.04
49.97
50.02
50.06
50.13
53.19
53.25
53.27
49.98
53.35
53.25
50.09
53.25
50.09
49.97
50.02
49.99
56.39