934.8431 6436.68 32.76518 269.6179
943.3094 6436.624 32.76069 269.6179
952.3774 6436.558 32.75572 269.5858
962.4702 6436.485 32.74988 269.5584
973.5384 6436.402 32.74319 269.5552
986.4362 6436.3 32.7232 269.5215
999.5695 6436.19 32.72186 269.5231
1013.706 6436.068 32.71594 269.4894
1028.879 6435.926 32.70449 269.454
1046.103 6435.752 32.69069 269.393
1063.326 6435.565 32.67601 269.3657
1081.526 6435.352 32.65945 269.2823
1102.038 6435.086 32.63951 269.2116
1122.314 6434.793 32.61823 269.1393
1143.572 6434.456 32.59414 269.0221
1165.839 6434.042 32.56668 268.8728
1189.139 6433.541 32.53487 268.6688
1213.402 6432.912 32.49749 268.3475
1238.711 6432.046 32.44123 267.7225
1266.686 6430.524 32.38462 265.8036
1293.928 6428.157 32.37827 264.4066
1322.138 6425.104 32.52889 263.2793
1351.274 6421.374 32.84968 262.1442
1381.255 6416.926 33.34264 260.9708
1414.234 6411.328 34.05862 259.7408
1446.056 6405.237 34.9077 258.5918
1478.715 6398.286 35.92236 257.3832
1512.188 6390.438 37.09695 256.2217
1546.428 6381.666 38.42093 255.0614
1581.466 6371.898 39.88525 253.8325
1617.257 6361.117 41.47441 252.66
1653.769 6349.274 43.17083 251.448
1693.433 6335.456 45.07444 250.1705
1731.431 6321.278 46.93063 248.9518
1772.468 6304.937 48.94111 247.6586
1811.615 6288.347 50.83326 246.4375
1853.879 6269.336 52.81486 245.1383
1894.18 6250.127 54.60843 243.9447
1934.843 6229.663 56.28648 242.694
1976.025 6207.82 57.81309 241.4251
2020.263 6183.056 59.20816 240.1136
2062.358 6158.53 60.25048 239.6111
2105.074 6133.101 60.99939 238.7429
2147.426 6106.481 61.47578 236.7208
2188.8 6078.477 61.7271 234.6389
2231.345 6046.484 61.81024 231.4611
2269.657 6014.172 61.76911 228.1532
2306.606 5980.43 61.64666 227.3584
2343.132 5946.252 61.49361 225.8285
2379.492 5907.356 61.31108 220.1988
2409.931 5867.73 61.19784 214.88
2437.827 5826.227 61.20207 213.4799
2464.533 5783.952 61.32839 210.7726
2489.383 5740.563 61.49984 209.0658
2513.443 5696.717 61.69414 208.5728
2537.496 5652.864 61.90233 209.0141
2561.719 5609.072 62.12096 208.0979
2586.564 5561.908 62.34667 207.1886
2607.143 5512.872 62.52738 200.9443
2625.026 5466.022 62.69706 200.593
2641.874 5418.931 62.81603 199.8594
2659.919 5368.669 62.89003 199.4878
2677.5 5318.413 62.88976 199.2225
2694.033 5271.222 62.80223 199.4617
2710.893 5224.123 62.61226 199.93
2728.011 5177.181 62.67446 200.4651
2747.791 5127.758 63.12925 203.5982
2769.413 5082.664 63.56554 206.7838
2792.135 5038.106 63.64452 207.1001
2814.849 4993.551 63.87379 206.9598
2837.381 4948.899 64.12766 206.6821
2860.683 4904.595 63.97408 209.1132
2887.601 4858.662 63.78879 211.485
2914.272 4816.348 63.63524 212.8097
2941.452 4774.376 63.49902 212.7563
2970.646 4729.722 63.39028 213.2201
2997.479 4687.567 63.32964 210.302
3017.791 4641.876 63.34693 198.2554
3030.69 4590.329 63.3742 191.6115
3040.187 4541.172 63.37878 188.5055
3043.963 4488.031 63.42363 179.617
3041.66 4438.084 63.4198 177.1416
3037.593 4388.34 63.191 173.8983
3032.139 4338.648 62.44485 173.6516
3026.626 4288.918 61.48195 173.7442
3021.239 4239.211 60.52163 173.9277
3016.08 4189.438 59.67246 174.2593
3011.032 4139.743 58.94462 173.9539
3005.533 4090.024 58.1366 173.4803
2999.828 4040.329 57.23753 173.5762
2994.329 3987.321 56.25674 174.7171
2990.034 3937.41 55.8201 174.8219
2984.556 3884.414 55.76477 173.349
2978.288 3834.825 55.68732 172.2281
2970.999 3785.345 55.62229 171.0668
2962.771 3736.048 55.56379 170.0015
2952.96 3683.69 55.5421 168.6093
2942.825 3634.563 55.53714 167.7854
2930.913 3582.458 55.68293 166.4887
2917.626 3531.019 56.06407 164.3521
2903.078 3483.266 56.15548 161.7876
2886.384 3435.931 55.71657 159.4673
2866.964 3386.322 54.73888 158.0244
2846.651 3337.022 53.56499 157.2186
2825.729 3288.083 52.28995 156.5288
2805.36 3242.392 51.00263 155.1983
2783.444 3197.433 49.53226 152.7608
2760.118 3153.224 47.8585 151.7187
2733.941 3106.957 45.75262 149.0007
2707.155 3064.56 43.72968 147.0498
2678.803 3023.49 42.34423 144.9756
2649.813 2982.657 41.33701 144.2946
2620.573 2942.049 40.6744 144.1979
2589.358 2898.803 40.00773 144.1509
2558.177 2855.69 39.33278 144.083
2527.018 2812.383 38.97498 144.5089
2498.385 2771.419 38.88067 145.9053
2472.101 2728.932 38.96244 151.5726
2452.788 2682.845 39.62885 163.0347
2442.783 2630.698 41.26637 174.6421
2441.151 2580.808 42.43333 181.118
2444.149 2530.903 42.87368 185.5481
2450.525 2481.335 42.66777 189.2132
2460.759 2432.422 41.1657 193.9512
2474.089 2384.295 38.77369 196.9455
2489.858 2336.973 36.22804 200.0962
2508.954 2290.78 33.98389 204.8484
2531.849 2246.388 32.9144 209.5186
2556.946 2203.112 32.91126 210.515
2582.27 2160.006 32.9125 210.1682
2603.16 2114.807 32.91564 196.6421
2610.631 2065.508 32.91343 182.4239
2611.392 2015.427 32.25658 180.2507
2611.485 1962.255 30.70257 179.967
2611.417 1912.216 29.22747 179.9044
2611.304 1862.184 28.00281 179.8426
2611.186 1812.247 27.17934 179.8707
2611.093 1762.216 26.87714 179.9374
2611.05 1712.092 27.23131 179.9984
2611.011 1662.133 28.05296 179.9044
2610.914 1612.067 28.94448 179.8803
2610.808 1562.065 29.9668 179.8763
2610.735 1508.721 31.29661 179.9687
2610.754 1455.496 32.96707 180.0957
2610.928 1402.224 35.0814 180.2872
2611.255 1352.333 37.55984 180.4461
2611.712 1302.416 40.57649 180.6217
2612.458 1249.224 44.31001 181.0027
2613.541 1199.331 48.23075 181.539
2615.168 1149.507 52.4861 182.2466
2617.769 1096.553 57.31134 183.4235
2621.402 1046.78 62.04723 185.0404
2626.778 997.3303 66.83389 187.5687
2635.766 944.9751 71.76353 192.4855
2645.294 896.1022 75.73035 189.5944
2653.469 843.5874 79.51347 188.2988
2660.32 794.129 82.84616 187.5495
2666.571 744.6663 85.96748 186.8861
2671.828 691.7599 88.87068 183.9409
2674.619 641.8359 91.0449 182.6271
2676.563 591.8463 92.91679 181.8272
2677.777 541.8868 94.42479 180.8885
2677.695 491.8841 95.15981 178.5475
2675.94 441.9763 95.22543 177.6503
2673.72 392.0095 95.30157 177.254
2671.153 341.9773 95.35642 176.8938
2667.738 288.8079 95.2624 175.6217
2663.168 239.0357 95.08881 173.7989
2656.741 189.452 94.8685 171.3094
2647.85 140.2214 94.64624 168.1103
2635.941 91.65427 94.48306 164.2748
2620.9 43.96949 94.43154 161.4439
2604.827 -3.406653 94.3637 160.9709
2588.094 -50.56346 94.2443 159.8797
2570.22 -97.30788 94.10778 158.165
2550.759 -143.3218 93.9893 155.8934
2527.691 -191.4417 93.92156 152.7756
2501.824 -238.0668 93.95492 149.0823
2472.844 -282.6721 94.12704 144.8168
2442.569 -322.4438 94.44238 140.7227
2410.782 -361.0281 94.83451 140.4283
2378.754 -399.5873 95.21752 140.1057
2346.535 -437.8197 95.58613 139.5933
2313.908 -475.6857 95.93949 138.8668
2278.558 -515.4274 96.29632 137.7758
2244.501 -552.1193 96.61102 136.4272
2209.467 -587.9011 96.90154 134.7058
2170.847 -624.6425 97.17876 132.3504
2133.053 -657.4575 97.40223 129.4931
2090.844 -689.9673 97.59132 125.5531
2049.014 -717.373 97.71069 120.7226
2004.84 -740.6115 97.75843 114.5096
1957.387 -756.1661 97.74955 99.83025
1907.75 -761.1187 97.75793 93.30391
1854.518 -765.2717 96.73537 98.39516
1806.388 -785.7681 93.04674 124.6315
1765.395 -814.152 89.43674 124.6075
1721.699 -844.2856 85.41451 124.3935
1680.439 -872.4246 81.50451 123.9879
1639.005 -900.0818 77.53269 123.2203
1597.018 -926.9999 73.5586 121.7899
1554.003 -952.3033 69.74664 118.5168
1508.248 -971.5209 66.66981 102.0029
1458.447 -974.5406 63.6952 87.31817
1406.062 -967.2883 60.43703 76.46073
1360.231 -948.1841 57.6665 55.37505
1321.355 -912.5648 54.40606 42.24867
1291.041 -873.0309 50.99705 32.64172
1266.38 -829.5875 48.18323 26.63227
1250.069 -782.6018 45.66699 12.5404
1241.685 -733.3979 43.25998 8.150395
1234.385 -683.9316 40.90282 9.039887
1224.603 -634.8936 38.77585 14.20636
1206.185 -585.1324 36.83217 27.43059
1172.901 -544.2968 35.59072 53.18943
1129.189 -520.0938 34.96567 66.94694
1081.394 -505.5629 34.36459 78.9133
1031.786 -499.4187 33.82042 86.33812
981.917 -497.0958 32.90461 87.0251
932.1675 -491.8932 31.68842 79.95684
883.4011 -481.165 30.85678 76.38983
834.2346 -474.0285 30.61928 91.53444
782.7361 -485.8963 29.40627 114.9131
742.697 -515.0882 28.05455 138.2941
713.935 -555.9808 26.96847 149.3434
690.267 -603.6461 26.15622 158.4828
676.2014 -654.8995 26.03426 170.7906
671.1334 -704.6058 25.35085 176.5906
669.4418 -754.5419 24.38193 178.8897
669.273 -804.5468 24.07499 180
669.2731 -854.6067 23.6142 180.0002
669.273 -907.8445 22.75884 180
669.2745 -957.8828 22.69225 179.9839
669.2729 -1007.97 22.92219 180.0002
669.273 -1061.299 23.09714 180
669.273 -1111.209 24.60499 180
673.8339 -1164.037 25.0801 180.5635
677.0705 -1213.857 25.05488 186.8021
680.6613 -1263.797 25.01989 179.9968
680.9283 -1317.165 24.90955 181.023
685.4363 -1370.195 24.58254 189.4409
699.3824 -1421.44 23.42978 198.4466
720.9889 -1465.989 21.86538 220.8677
753.9059 -1503.584 21.13742 215.6061
782.4071 -1544.658 21.17657 214.4255
810.6345 -1586.079 21.25327 214.0216
833.1095 -1630.455 21.10642 194.4674
834.7732 -1683.166 20.79312 175.0168
830.1518 -1736.19 20.98175 175.019
825.0317 -1789.332 21.37414 173.1345
817.264 -1841.984 21.30441 170.1442
807.268 -1891.05 21.23415 166.7252
795.9204 -1939.707 21.2321 167.8333
786.5133 -1992.221 21.2321 171.3083
780.0916 -2041.811 21.30801 173.5981
775.296 -2095.012 21.37659 175.4652
770.8277 -2147.993 21.3729 175.1382
766.4886 -2197.874 21.3729 174.9952
762.1107 -2247.777 21.36805 174.9768
757.7239 -2297.582 20.00092 174.9512
753.3408 -2347.181 16.48826 174.9279
748.6902 -2400.091 12.96593 174.9978
743.8649 -2449.801 11.84877 171.5681
729.7515 -2497.74 11.76794 157.766
705.2985 -2544.913 12.23454 148.0022
675.2592 -2584.794 13.56009 130.726
627.3931 -2606.358 14.92664 103.8954
578.1819 -2615.132 14.7747 96.98609
528.3314 -2617.639 13.42224 89.87476
474.9925 -2617.637 13.16354 90.02408
424.7809 -2617.702 13.34307 90.06583
371.6058 -2617.612 12.78965 89.99117
318.4022 -2617.437 9.770662 89.8868
269.0975 -2612.575 7.236532 68.95667
228.2185 -2585.51 6.68 38.47078
217.5048 -2535.159 6.868387 359.8277
217.4728 -2481.911 7.03844 0.08534896
217.432 -2431.817 7.954886 359.9773
217.4231 -2381.828 8.751693 0.2368086
217.4237 -2331.815 8.975629 0.1035643
217.3394 -2281.789 9.778601 0.02461493
217.3602 -2231.858 12.55154 359.8886
217.0008 -2178.522 14.51415 2.327728
193.9895 -2132.923 14.28353 52.50366
154.8648 -2098.421 17.1702 30.15608
146.8956 -2050.144 18.9714 357.5629
155.3681 -2001.388 18.7903 330.5345
188.0797 -1959.85 20.52939 319.9644
220.1669 -1921.664 24.27242 320.0379
252.2471 -1883.409 27.04526 319.8608
284.513 -1844.956 27.46646 320.117
318.6728 -1804.215 28.44828 319.977
350.7597 -1765.95 29.71088 320.1257
385.2185 -1724.899 29.79508 319.9244
419.3514 -1684.24 29.7945 319.9974
453.6826 -1643.355 29.88644 320.0611
485.7747 -1604.993 29.93668 320.3231
519.5475 -1564.127 26.72528 320.249
549.4164 -1524.824 22.13419 333.5058
556.146 -1472.707 22.14477 359.8621
556.4727 -1422.617 22.15862 359.1709
568.3337 -1375.567 22.29467 320.3552
603.9865 -1336.053 22.2923 317.4689
637.824 -1299.102 22.37838 317.7487
659.1761 -1255.179 23.74524 352.5915
659.9949 -1202.014 24.66916 359.9994
660.6488 -1152.112 25.10485 355.5237
664.616 -1102.287 24.30498 0
664.616 -1052.368 23.00019 0
664.616 -999.1312 22.90192 0
664.616 -949.149 22.55161 0
664.616 -899.1019 22.88896 0
664.616 -849.1339 23.69407 0
664.6165 -799.0255 24.09363 359.9968
664.9608 -745.8367 24.52278 358.629
667.0843 -695.5323 25.53757 355.7866
673.6547 -643.0125 26.15245 348.1098
688.6285 -595.397 26.18548 336.9701
711.7384 -550.8729 27.03873 328.6135
743.2795 -508.2211 28.20688 315.7914
784.1622 -480.1794 29.50271 293.2789
835.6802 -469.3202 30.64034 270.7864
885.0482 -476.7719 30.88023 256.4201
936.8696 -487.8671 31.76562 261.3267
986.657 -492.679 33.01278 267.2333
1036.527 -495.0908 33.87289 265.812
1086.049 -501.787 34.40837 258.0022
1136.548 -518.0905 35.02287 245.7376
1179.396 -543.5202 35.69267 230.2172
1210.047 -582.4547 36.81417 207.6815
1227.844 -629.0084 38.55034 195.1194
1238.117 -677.8929 40.64339 189.3324
1245.515 -727.2339 42.97723 188.1557
1253.596 -776.5906 45.42352 191.5632
1270.291 -826.9913 48.14938 206.5684
1296.675 -873.2129 51.19502 213.4124
1327.502 -912.3466 54.69317 223.0525
1364.517 -945.4592 57.78831 236.6793
1410.754 -963.6062 60.66258 257.274
1460.161 -969.9633 63.79019 267.7127
1509.816 -966.3409 66.81532 283.6913
1555.193 -946.337 70.03234 298.9086
1598.055 -920.8607 73.88522 301.9415
1640.004 -893.845 77.87388 303.3097
1684.241 -864.2186 82.11761 304.0662
1727.991 -834.3042 86.24882 304.4471
1771.766 -804.0736 90.24689 304.6202
1812.856 -775.8228 93.81569 303.5274
1859.471 -759.8839 97.01772 276.6244
1909.316 -756.3569 97.75793 273.3471
1958.996 -751.1136 97.74941 280.5271
2006.155 -734.8704 97.75774 295.0285
2052.927 -709.568 97.69714 301.521
2094.37 -681.6677 97.56745 306.1988
2133.801 -650.7852 97.38235 309.7881
2173.941 -615.4688 97.13695 312.7667
2212.275 -578.5232 96.8534 315.0266
2247.062 -542.632 96.55816 316.6923
2280.985 -505.7941 96.2389 317.973
2314.123 -468.3486 95.9002 318.9652
2346.724 -430.3987 95.54429 319.6639
2380.903 -389.7358 95.15009 320.179
2412.835 -351.224 94.76551 320.4508
2444.558 -312.5522 94.37493 321.3032
2474.313 -272.3813 94.08556 325.6001
2501.201 -229.9869 93.94387 329.5602
2526.571 -183.3818 93.92529 333.2269
2547.983 -138.104 93.99655 336.0545
2567.323 -91.98258 94.11816 338.3297
2585.051 -45.3121 94.25464 339.9794
2601.7 1.833521 94.37142 341.0145
2618.832 52.4721 94.43636 341.4878
2634.293 103.2913 94.50981 345.1262
2645.498 152.0593 94.69307 348.8912
2653.786 201.3718 94.92073 351.9473
2659.732 250.9822 95.13434 354.2864
2663.949 300.8453 95.29302 355.9707
2666.951 350.8214 95.37122 357.0033
2669.494 400.7171 95.36549 357.2429
2671.595 450.7355 95.32164 358.0326
2672.807 500.7034 95.28846 359.3104
2672.06 550.7523 95.19279 3.294616
2666.493 603.6386 94.56834 8.474404
2657.365 652.8647 93.57056 12.3975
2645.188 701.3555 92.29284 15.73084
2630.375 749.093 90.80996 18.74509
2613.159 796.0286 89.17747 21.54977
2592.39 844.9716 87.32743 24.47303
2570.561 890.0341 85.51817 27.2708
2544.73 936.5301 83.59296 31.75783
2516.309 977.7239 82.14262 36.77132
2483.573 1019.687 81.03364 38.90712
2451.861 1058.389 80.37751 39.63459
2419.981 1096.899 80.18829 39.69917
2387.917 1135.282 80.18811 39.94633
2353.662 1176.163 80.18795 39.95883
2321.579 1214.457 80.18781 39.91838
2289.466 1252.871 80.18781 39.84067
2257.496 1291.286 80.18781 39.6564
2223.619 1332.501 80.18819 39.01676
2190.711 1374.386 80.24582 37.57628
2160.638 1414.43 80.41958 36.05516
2132.25 1455.573 80.46929 32.69492
2105.746 1501.74 79.78984 27.7612
2083.24 1546.401 78.62478 25.86158
2061.978 1591.647 77.27406 24.51699
2041.725 1637.342 75.82362 23.29826
2022.457 1683.416 74.31211 22.07138
2004.169 1730.023 72.75544 20.7553
1987.095 1776.993 71.19164 19.11868
1971.704 1824.566 69.89855 16.71136
1957.578 1875.897 68.84318 14.06025
1946.388 1924.656 67.96148 11.85039
1936.94 1973.838 67.03884 9.974017
1928.925 2023.261 65.98766 8.507579
1921.637 2075.91 64.68097 7.299986
1916.25 2125.635 63.39192 4.602273
1913.926 2175.612 62.39854 0.6504735
1915.314 2225.625 61.74378 356.1074
1920.846 2275.257 61.40861 351.1326
1931.525 2327.415 61.31142 345.7702
1945.923 2375.263 61.26604 340.2115
1965.814 2421.062 60.93177 332.8283
1991.447 2464.016 60.24493 325.5054
2022.212 2503.326 59.22791 318.4129
2057.525 2538.601 57.91034 311.5427
2096.774 2569.521 56.32478 304.866
2139.437 2595.739 54.5005 298.2155
2184.863 2616.837 52.4709 292.1787
2234.174 2636.156 50.1608 290.8002
2280.94 2653.835 47.8805 290.7563
2327.5 2672.035 45.54492 292.1126
2373.268 2692.06 43.19878 295.4499
2419.921 2717.749 40.76936 303.0565
2458.765 2748.951 38.85061 312.7271
2494.292 2784.454 38.76865 317.1807
2528.025 2825.451 39.10632 322.9801
2557.92 2865.536 39.787 323.8067
2587.306 2905.982 40.29474 324.1539
2616.43 2946.53 40.78193 324.4912
2645.32 2987.45 41.3003 325.2477
2673.945 3032.374 42.20726 329.4686
2698.399 3076.083 43.31024 332.1478
2721.083 3120.683 44.20146 333.1833
2744.773 3168.354 45.20665 333.8935
2767.594 3216.504 46.12084 335.5538
2787.828 3262.286 46.51391 336.6895
2807.22 3308.343 46.72128 337.5902
2826.021 3354.665 47.15274 338.1445
2845.735 3404.269 47.35976 338.5734
2864.253 3454.174 47.39746 340.4928
2880.792 3501.413 46.82365 340.7952
2895.109 3549.366 45.86897 346.3057
2904.456 3601.705 45.1338 353.7164
2905.813 3654.99 44.73285 4.004686
2895.858 3707.176 44.78779 16.88818
2877.088 3757.145 44.85332 24.49731
2851.102 3803.547 44.79662 34.27671
2816.554 3843.885 44.813 47.41057
2773.683 3875.483 44.86453 59.14532
2728.691 3897.055 44.47287 69.63284
2680.46 3910.201 43.74186 79.69685
2627.487 3914.815 42.81879 91.22472
2574.812 3908.368 41.91025 101.7518
2526.514 3895.497 41.09963 107.6221
2479.408 3878.562 40.34458 111.7032
2430.477 3857.404 39.62572 114.8969
2385.573 3835.436 39.08331 117.3473
2341.397 3811.856 38.91154 118.7117
2297.628 3787.688 39.0088 119.0855
2250.96 3761.641 39.07986 119.294
2207.382 3737.121 39.12397 119.4495
2163.913 3712.501 39.15371 119.569
2120.449 3687.781 39.17606 119.6806
2074.045 3661.295 39.19614 119.7712
2027.917 3634.903 39.21579 119.7912
1984.545 3610.03 39.2367 119.8397
1941.215 3585.151 39.26213 119.8725
1897.693 3560.134 39.2943 119.9026
1851.623 3533.631 39.33768 119.9351
1808.284 3508.689 39.38931 119.9335
1764.765 3483.636 39.45402 119.9349
1718.706 3457.147 39.53903 119.8097
1675.112 3432.745 39.61309 118.5981
1630.774 3409.349 39.60964 116.9941
1582.885 3385.971 39.53253 115.0151
1534.164 3364.268 39.4315 112.9823
1484.835 3344.242 39.38695 111.3115
1438.01 3326.575 39.47715 110.1518
1390.89 3309.616 39.73466 109.2847
1343.503 3293.812 39.96205 107.5833
1295.472 3279.366 40.10004 105.9237
1244.105 3265.555 40.19781 104.2286
1195.387 3253.894 40.36238 102.7661
1143.332 3242.746 40.58383 101.4407
1090.851 3232.63 40.86572 100.4838
1038.491 3223.064 41.12294 100.1952
986.0126 3213.808 41.43092 99.81281
936.6548 3205.481 41.74341 99.31699
884.123 3197.141 42.05666 98.67485
834.5267 3189.923 42.32484 97.84978
784.9386 3183.602 42.55191 96.58331
735.1591 3178.665 42.71281 94.5038
685.2002 3176.301 42.76714 90.87675
635.257 3176.966 42.87607 87.56261
585.226 3180.601 43.10714 84.12327
532.5757 3187.686 43.45658 80.58195
483.3593 3197.189 43.84579 77.61461
431.7 3209.831 44.27932 74.66815
384.1012 3225.249 44.88299 69.2432
338.1995 3245.068 45.80199 64.16756
293.9369 3268.382 46.89826 60.60723
250.5332 3293.15 47.88953 60.64859
204.2321 3319.463 48.59359 59.19394
160.9702 3344.779 49.10107 59.73351
114.9997 3371.677 49.6473 59.62158
69.04846 3398.695 50.17993 59.47536
26.01534 3424.162 50.73506 59.29727
-16.78935 3450.138 51.55203 57.79024
-61.09616 3479.571 52.91853 55.05782
-101.4618 3508.998 54.62032 52.75813
-140.6985 3539.989 56.89089 50.61427
-178.7251 3572.381 59.73229 48.56472
-215.43 3606.141 62.37888 46.35315
-250.9455 3641.38 64.58084 44.11049
-286.8898 3680.633 66.72359 40.54598
-316.9027 3720.653 69.02773 32.06747
-342.9051 3767.112 71.66599 27.18172
-364.5195 3812.08 74.05485 24.22599
-384.7426 3861.313 76.48348 20.17333
-399.9058 3909.098 78.53858 16.36183
-413.8245 3957.002 80.30029 15.91963
-427.941 4008.332 82.27746 14.87109
-441.2505 4059.781 84.54292 14.25658
-453.3892 4108.213 86.26144 13.90214
-465.2701 4156.837 87.57453 13.57047
-477.6062 4208.651 88.69251 13.226
-488.8168 4257.439 89.39958 12.5368
-498.7795 4306.504 89.68415 9.649842
-505.9033 4356.16 89.70272 7.83703
-513.1663 4408.941 89.6948 7.833056
-519.9665 4458.413 89.70225 7.819077
-527.2087 4511.268 89.70167 7.771892
-533.4459 4564.179 89.8534 4.809
-536.8844 4617.211 90.29807 2.83778
-538.8388 4667.169 90.46419 1.780181
-540.2845 4717.179 90.42644 1.545464
-541.6422 4770.46 90.36444 1.396061
-542.8524 4820.66 90.33607 1.381374
-544.0939 4870.701 90.3771 1.470943
-545.4576 4923.854 90.57421 1.304398
-546.0336 4973.894 91.12537 359.783
-544.584 5023.876 91.80332 356.5907
-539.4863 5073.579 92.19552 351.3127
-528.8425 5122.405 91.7812 343.7733
-512.0709 5169.472 90.38374 338.4943
-493.3323 5216.17 89.07475 338.1241
-474.3032 5265.746 87.47294 340.2202
-458.0229 5316.342 85.07028 344.2792
-446.4001 5364.924 82.16409 348.7907
-438.5821 5414.226 79.0843 353.0689
-434.1016 5463.905 76.04632 356.4164
-431.8969 5517.021 73.07876 358.6717
-433.0423 5567.021 70.59821 3.51198
-436.7003 5616.824 68.14756 3.962459
-438.3581 5666.676 65.35604 359.2679
-435.3504 5716.532 62.1025 355.1448
-430.5276 5766.298 58.92617 353.0353
-421.3908 5815.34 55.70098 344.7661
-400.429 5863.696 51.71183 326.9678
-368.8845 5902.227 47.37868 318.3289
-335.5862 5939.283 43.19193 317.6498
-301.8286 5975.966 39.43798 316.9867
-267.5785 6012.362 36.27451 316.3885
-232.9756 6048.378 33.90838 315.8397
-198.0045 6084.079 32.52948 315.3228
-162.7386 6119.501 32.2285 315.0398
-125.0189 6157.338 32.22887 315.1137
-86.47448 6194.132 32.25523 310.4671
-44.06236 6226.17 32.26563 304.1806
-1.690731 6252.911 32.2734 300.7174
44.368 6279.528 32.25847 299.5604
87.93479 6304.136 32.30746 299.3852
131.481 6328.646 32.36006 299.3405
175.097 6353.142 32.39659 299.286
218.8847 6377.399 32.33923 297.921
264.1218 6399.002 32.18794 292.9914
313.9954 6417.5 32.0887 287.4333
365.6173 6430.558 32.10491 280.8073
418.4643 6437.257 32.26707 273.3887
468.4365 6437.977 32.46795 269.9663
521.7896 6437.941 32.64051 269.9454
575.0386 6437.886 32.71709 269.931
625.1313 6437.822 32.76625 269.9117
678.3804 6437.724 32.79488 269.8812
728.4731 6437.603 32.80804 269.8427
778.4419 6437.441 32.81055 269.8089
828.4585 6437.25 32.80414 269.772
878.4517 6437.012 32.78989 269.7126
