925.6903 6436.736 32.76973 269.6516
975.6591 6436.385 32.74184 269.5536
1025.694 6435.957 32.70695 269.4589
1075.738 6435.422 32.66483 269.3015
1125.738 6434.741 32.61446 269.1426
1175.761 6433.84 32.55363 268.7812
1225.737 6432.522 32.46728 268.0825
1279.021 6429.539 32.3663 264.9951
1328.886 6424.293 32.5888 263.0076
1381.57 6416.875 33.34867 260.961
1433.979 6407.626 34.56836 259.0222
1483.018 6397.314 36.06651 257.2516
1531.575 6385.562 37.83306 255.5496
1582.859 6371.493 39.94555 253.7906
1630.679 6356.863 42.09019 252.2139
1681.067 6339.87 44.47592 250.5646
1727.978 6322.606 46.76121 249.0535
1774.445 6304.123 49.03748 247.5959
1823.371 6283.176 51.39282 246.0868
1868.899 6262.299 53.4959 244.7031
1916.661 6238.944 55.5542 243.2421
1963.92 6214.357 57.38457 241.8095
2007.701 6190.229 58.84097 240.477
2051.043 6165.158 60.00123 239.6959
2094.05 6139.755 60.83428 239.0725
2136.599 6113.497 61.37688 237.3695
2180.986 6083.94 61.69423 235.3976
2221.269 6054.401 61.80418 232.2433
2259.997 6022.686 61.78946 229.1093
2297.146 5989.126 61.68078 227.4357
2333.834 5955.161 61.53756 226.7728
2368.861 5919.544 61.36326 222.0034
2400.481 5880.869 61.22428 216.5462
2428.883 5839.698 61.18496 213.6874
2456.141 5797.778 61.28029 211.7231
2483.085 5751.826 61.45296 209.3576
2507.259 5708.057 61.64236 208.6216
2531.249 5664.166 61.84763 208.8343
2555.588 5620.399 62.06329 208.7568
2580.626 5573.355 62.29911 208.1129
2601.379 5527.911 62.46812 200.9897
2619.315 5481.089 62.64734 200.9645
2637.519 5431.129 62.78936 199.4057
2654.449 5384.041 62.87438 199.6852
2671.06 5336.893 62.89975 199.1974
2687.539 5289.679 62.84816 199.3203
2704.255 5242.501 62.69531 199.7613
2721.283 5195.453 62.59108 199.9904
2739.015 5148.722 62.91014 201.9209
2760.691 5100.106 63.41853 206.3261
2783.265 5055.442 63.66104 207.0957
2806 5010.932 63.75241 207.0042
2828.631 4966.295 64.07896 206.7189
2852.866 4918.905 64.03587 208.1927
2877.528 4875.353 63.85388 210.7439
2903.75 4832.785 63.69296 212.4414
2930.833 4790.797 63.55042 213.0092
2958.058 4748.833 63.43139 213.4681
2987.213 4704.212 63.34563 212.8753
3011.005 4660.189 63.33551 202.4436
3026.615 4609.476 63.36734 192.4926
3036.774 4560.541 63.37549 191.4187
3043.349 4511.004 63.40221 183.4401
3042.959 4460.98 63.43558 176.5346
3039.557 4407.83 63.33306 174.6598
3034.301 4358.118 62.78364 173.6906
3028.774 4308.375 61.86636 173.6501
3023.318 4258.618 60.88817 173.8397
3017.73 4205.659 59.93141 174.1269
3012.714 4155.896 59.18419 174.1723
3007.352 4106.13 58.40987 173.6227
3001.667 4056.474 57.53666 173.4249
2996.215 4006.757 56.61137 174.199
2991.72 3956.964 55.85217 175.3054
2987.072 3907.104 55.7835 174.021
2980.855 3854.26 55.72542 172.7622
2973.976 3804.706 55.64027 171.4196
2966.108 3755.31 55.59853 170.3484
2957.296 3706.017 55.53803 169.3101
2947.546 3656.949 55.53809 168.5112
2936.943 3608.13 55.58721 167.1747
2925.195 3559.355 55.84821 165.7345
2910.962 3508.2 56.15835 163.1603
2895.383 3460.691 56.01396 160.5991
2877.905 3413.808 55.32749 158.62
2859.266 3367.412 54.30342 157.6883
2839.99 3321.299 53.16345 156.8529
2820.184 3275.386 51.94464 156.2403
2799.47 3229.836 50.61794 154.5806
2777.076 3185.16 49.08696 152.3076
2753.52 3141.094 47.34736 151.2202
2726.706 3095.114 45.17332 148.1704
2699.446 3053.231 43.3263 145.2964
2670.77 3012.053 41.99144 144.8404
2639.854 2968.814 41.1025 144.2365
2610.595 2928.22 40.45953 144.1758
2581.341 2887.708 39.83736 144.1445
2551.955 2847.11 39.19081 144.0361
2520.969 2803.879 38.95156 144.6329
2492.562 2762.701 38.87337 146.6159
2467.279 2719.562 39.03919 153.8047
2449.144 2669.588 39.97696 166.1123
2441.749 2616.864 41.66687 176.7901
2441.737 2563.679 42.66098 182.8049
2445.997 2513.798 42.87697 186.7829
2454.211 2461.23 42.24198 191.5563
2465.917 2412.627 40.23922 195.2437
2480.254 2364.753 37.71742 198.1228
2498.468 2314.771 35.09985 202.3769
2519.362 2269.4 33.18734 207.1468
2543.724 2225.692 32.91227 210.151
2569.048 2182.587 32.91104 210.494
2595.036 2136.144 32.9152 205.005
2608.722 2088.301 32.9143 187.3542
2611.234 2038.345 32.73652 180.5461
2611.471 1985.037 31.39759 180.0651
2611.456 1935.062 29.88071 179.9036
2611.352 1881.755 28.4417 179.8715
2611.232 1831.727 27.44505 179.845
2611.119 1778.372 26.90896 179.8764
2611.055 1728.257 27.03737 179.9671
2611.027 1675.031 27.83431 179.9382
2610.944 1624.946 28.70594 179.8715
2610.825 1571.744 29.7549 179.8715
2610.742 1521.751 30.94392 179.9373
2610.736 1471.723 32.41575 180.037
2610.843 1421.732 34.2497 180.2067
2611.137 1368.487 36.69814 180.3944
2611.577 1315.292 39.74998 180.5747
2612.194 1265.423 43.12069 180.8708
2613.14 1215.433 46.92475 181.3122
2614.688 1162.323 51.3628 182.0454
2617.039 1109.38 56.11855 183.113
2620.322 1059.673 60.80713 184.5434
2625.188 1009.947 65.61341 186.7918
2633.154 957.6366 70.60638 190.974
2643.652 905.5978 75.00965 190.0042
2651.583 856.3396 78.62065 188.5397
2658.607 806.931 82.00295 187.7076
2665.012 757.4682 85.18213 187.047
2670.577 707.8759 88.07319 184.9302
2673.829 658.0414 90.3755 182.9561
2676.008 608.1001 92.34138 182.0898
2677.475 558.1259 93.98639 181.2568
2677.963 508.1279 95.0609 179.5736
2676.454 454.8667 95.20634 177.7886
2674.326 404.87 95.28246 177.3568
2671.848 354.9427 95.35155 176.9501
2668.913 305.0304 95.30367 176.0968
2664.508 251.9233 95.13966 174.3295
2658.617 202.252 94.92777 172.0237
2650.428 152.9581 94.70098 169.0136
2639.343 104.1675 94.51587 165.3209
2625.024 56.31073 94.43719 161.564
2609.046 8.881989 94.38769 161.1567
2592.533 -38.34884 94.27834 160.1968
2574.982 -85.27075 94.14274 158.6705
2555.944 -131.5674 94.01614 156.5297
2534.973 -176.9682 93.93333 153.8031
2511.591 -221.2975 93.92852 150.4902
2483.844 -266.5781 94.04585 146.4486
2454.726 -307.188 94.30086 142.2267
2421.08 -348.5597 94.70834 140.4651
2389.192 -387.0684 95.09435 140.2394
2357.071 -425.3979 95.46762 139.7997
2324.581 -463.41 95.82633 139.121
2291.577 -500.973 96.16836 138.2042
2257.88 -537.9102 96.49097 137.002
2223.259 -574.0748 96.79142 135.44
2185.194 -611.3448 97.08123 133.286
2145.491 -647.0239 97.33413 130.4917
2103.884 -680.4206 97.54002 126.8604
2062.852 -708.8737 97.67905 122.4124
2019.45 -733.6139 97.75195 116.7058
1973.321 -752.5869 97.75043 105.3559
1920.731 -760.2892 97.75681 93.94141
1870.818 -763.4263 97.43532 94.37785
1822.896 -775.3475 94.45724 119.1373
1781.463 -803.0303 90.87341 124.6298
1740.461 -831.3754 87.15997 124.5139
1699.359 -859.5754 83.30737 124.2103
1658.036 -887.4757 79.3578 123.6329
1616.318 -914.8118 75.37028 122.5727
1573.961 -940.9755 71.45982 120.4312
1529.916 -964.3037 67.93773 113.9128
1481.553 -974.6536 65.11845 92.18694
1431.663 -972.0972 62.02468 82.20976
1380.432 -959.0389 58.88903 67.66319
1337.216 -928.7931 55.90841 46.43022
1303.993 -891.6919 52.46326 37.18983
1277.08 -849.733 49.35462 29.57203
1256.024 -804.6307 46.82882 18.00146
1245.101 -755.9399 44.38758 9.05794
1237.827 -706.5026 41.93222 8.316548
1229.642 -657.2394 39.67889 11.46765
1216.672 -609.0919 37.69624 20.37804
1193.59 -565.091 36.2667 37.16093
1155.759 -533.0691 35.25275 60.3581
1110.086 -512.9778 34.72371 72.17136
1061.287 -502.2686 34.15487 82.53732
1008.187 -498.259 33.46918 87.88553
958.2476 -495.3389 32.28963 84.41064
905.7372 -486.3865 31.12408 77.18298
856.9933 -475.4044 30.64849 81.60605
807.4115 -477.452 30.11262 103.0678
762.2932 -497.8367 28.76148 125.7277
728.0905 -533.8945 27.50155 145.2477
702.4728 -576.7883 26.48708 153.0362
683.5908 -622.9253 26.1525 163.1624
673.5281 -675.1371 25.81711 174.0202
670.0875 -728.3573 24.86054 178.2779
669.273 -781.6268 24.15948 180
669.273 -831.6169 23.93714 180
669.2729 -881.6679 23.1835 179.9998
669.2781 -931.6699 22.60556 180.0331
669.2745 -981.5815 22.79898 179.9902
669.273 -1034.911 22.92669 180
669.273 -1085.011 23.70074 180
670.993 -1138.13 25.07778 191.4485
674.5798 -1187.76 25.06864 183.558
679.666 -1237.556 25.0405 185.3347
680.6785 -1290.756 24.97368 180.1218
682.0288 -1340.818 24.90579 184.4462
690.7064 -1393.238 24.11537 195.6478
706.4349 -1440.559 22.8702 202.0491
734.8459 -1480.926 21.41154 224.2491
765.6459 -1520.304 21.09151 214.66
793.9376 -1561.52 21.25617 214.3123
823.2005 -1606.222 21.23194 209.6715
836.3381 -1656.87 20.96167 179.8189
832.7156 -1706.77 20.73937 175.0195
828.3768 -1756.559 21.24405 175.0186
822.8376 -1806.246 21.3668 172.0743
814.7977 -1855.656 21.28012 169.3658
804.0747 -1904.466 21.23217 166.4587
793.1757 -1953.271 21.2321 169.0981
784.9991 -2002.637 21.2321 171.9607
778.9742 -2052.279 21.36009 174.2094
774.4615 -2105.303 21.3749 175.1819
769.9326 -2158.394 21.3729 175.0699
765.5788 -2208.258 21.3729 174.9918
760.9056 -2261.475 21.28035 174.9714
756.2375 -2314.419 18.95505 174.9394
751.847 -2364.103 15.19598 174.9547
747.4944 -2413.887 12.48981 175.0947
741.2345 -2463.463 11.74675 166.936
722.8092 -2513.296 11.92714 154.1244
697.877 -2556.637 12.45115 147.1892
664.1743 -2592.645 14.04555 120.2221
616.9453 -2608.773 14.9886 101.9085
564.5425 -2616.58 14.45344 95.13908
511.2414 -2617.615 13.21253 89.96869
461.2949 -2617.651 13.20428 90.07545
411.2396 -2617.719 13.38794 90.07304
361.2454 -2617.594 12.20145 89.91409
311.2711 -2617.437 9.36588 89.84745
262.5676 -2610.116 7.023916 65.97171
224.2784 -2579.756 6.649756 30.65491
217.5117 -2531.255 6.875279 0.02636327
217.4697 -2478.097 7.077845 359.9738
217.4314 -2428.117 8.007854 359.9714
217.4228 -2378.041 8.779336 0.194695
217.4177 -2327.95 8.954424 0.1153593
217.3363 -2274.682 10.18144 0.02456425
217.3638 -2221.213 13.06767 359.9948
215.7565 -2168.278 14.63501 10.02608
185.782 -2126.873 14.60971 57.24171
151.6891 -2091.998 17.4745 23.18272
147.2028 -2042.926 18.9714 357.563
158.9749 -1995.525 18.8582 324.2567
192.6971 -1954.343 20.98704 319.9707
226.9217 -1913.587 24.96566 320.0748
261.222 -1872.704 27.36728 319.8963
295.4175 -1831.935 27.50742 320.0043
327.514 -1793.682 28.86996 319.9958
361.8511 -1752.727 29.83983 319.893
393.9898 -1714.464 29.77274 320.0041
428.1521 -1673.75 29.7945 320.0173
460.3466 -1635.39 29.9335 320.184
492.3821 -1597.054 29.87042 320.3243
524.0754 -1558.645 25.80005 320.1595
553.0731 -1515.197 22.11169 344.3525
556.2006 -1465.576 22.13482 359.7377
556.6504 -1415.568 22.16021 358.3728
572.7512 -1370.198 22.2923 317.9049
606.5453 -1333.261 22.2923 317.4691
640.2601 -1296.176 22.462 318.9395
659.6224 -1251.307 23.80667 355.762
659.995 -1198.251 24.72119 359.9998
660.9493 -1148.212 25.11837 353.4593
664.616 -1095.328 24.05344 0
664.616 -1045.336 22.93247 0
664.616 -995.2273 22.88415 0
664.616 -941.9836 22.55029 0
664.616 -888.5432 23.06819 359.9998
664.616 -838.5631 23.86012 0
664.6169 -785.3496 24.14424 359.9998
665.2292 -735.2549 24.72453 358.4811
667.8949 -685.3424 25.75093 354.9985
676.0544 -632.6713 26.15247 345.8278
694.3058 -582.8044 26.32009 334.2848
719.1322 -539.2505 27.31598 326.4552
753.4261 -498.7881 28.56174 309.8055
800.2032 -474.4936 29.94729 285.7422
849.7466 -469.8387 30.65309 265.2448
901.4479 -480.6302 31.05595 257.1078
950.54 -489.7594 32.08566 262.9193
1003.67 -493.4041 33.38401 267.8861
1053.572 -496.6172 34.07554 263.9415
1102.589 -505.8322 34.59475 254.4943
1149.107 -524.1566 35.15026 242.6865
1189.53 -552.9684 36.00684 223.2012
1217.352 -598.0514 37.3182 202.5204
1232.653 -648.9522 39.36788 192.0689
1241.774 -701.3744 41.72885 188.4436
1249.065 -750.8857 44.17618 188.9382
1260.312 -802.7441 46.80232 197.8729
1281.427 -848.0432 49.33053 209.4416
1310.466 -892.5089 52.77348 217.9918
1344.419 -929.2258 56.23696 226.9674
1388.823 -957.2825 59.29464 250.4271
1437.39 -968.16 62.34757 263.2502
1487.137 -969.6686 65.47357 273.6839
1534.917 -956.8805 68.41983 295.7809
1578.634 -932.7771 72.09287 300.9414
1620.977 -906.2688 76.05296 302.8
1665.228 -877.0518 80.297 303.7985
1706.607 -848.9805 84.24252 304.3101
1750.249 -818.9538 88.30272 304.5576
1791.309 -790.5406 91.97231 304.6411
1834.005 -765.358 95.47601 288.5334
1883.164 -757.8851 97.67916 273.4795
1933 -754.6237 97.75426 275.206
1981.975 -744.9561 97.75385 289.7801
2030.245 -722.6938 97.73827 298.5613
2072.951 -696.6992 97.64308 303.9081
2113.396 -667.2673 97.4854 308.0115
2154.434 -633.0938 97.26315 311.4058
2191.174 -599.2223 97.01517 313.8463
2228.895 -561.6361 96.71663 315.8865
2263.304 -525.2028 96.40897 317.353
2296.772 -488.1176 96.08071 318.4804
2329.683 -450.3575 95.73296 319.3282
2364.137 -409.7729 95.34594 319.9853
2396.125 -371.4273 94.96861 320.337
2428 -332.8452 94.57822 320.4992
2459.101 -293.7096 94.21716 323.3619
2487.4 -252.5485 94.0016 327.5507
2514.409 -206.6019 93.92004 331.497
2537.079 -161.8913 93.95077 334.6559
2558.655 -113.2798 94.05829 337.3717
2577.066 -66.83453 94.19225 339.2887
2594.193 -19.75924 94.32269 340.6339
2611.496 30.63145 94.41792 341.3734
2627.134 78.20131 94.45531 343.0004
2640.05 126.517 94.58752 347.0008
2649.774 175.4965 94.79991 350.4138
2656.869 224.967 95.02708 353.1693
2661.926 274.7536 95.21883 355.1515
2665.499 324.6872 95.34148 356.5909
2668.363 377.951 95.37595 357.0828
2670.726 427.9648 95.34311 357.6213
2672.47 481.1771 95.29723 358.7298
2672.804 531.1561 95.27312 1.025318
2669.459 580.9851 94.90086 6.443821
2661.924 630.5753 94.06436 10.70021
2650.274 682.5114 92.81963 14.49455
2635.432 733.7552 91.30759 17.77692
2617.855 783.9126 89.61344 20.81837
2598.99 830.1586 87.90131 23.58867
2577.893 875.5188 86.11062 26.34356
2554.592 919.7623 84.28127 29.27683
2525.934 964.5643 82.56606 35.62342
2495.768 1004.413 81.39413 38.29946
2464.27 1043.359 80.58415 39.44761
2430.3 1084.439 80.2004 39.54969
2398.356 1122.814 80.18815 39.92839
2366.265 1161.128 80.188 39.97462
2334.136 1199.464 80.18786 39.97451
2302.043 1237.812 80.18781 39.88117
2267.891 1278.765 80.18781 39.74085
2236.03 1317.286 80.18799 39.38438
2204.688 1356.36 80.20033 37.9725
2172.302 1398.63 80.34771 36.82513
2143.107 1439.207 80.49212 34.40147
2116.68 1481.573 80.19711 29.2187
2093.378 1525.827 79.1916 26.61318
2071.572 1570.891 77.90751 25.11569
2050.883 1616.358 76.49741 23.86447
2031.157 1662.261 75.01057 22.668
2012.409 1708.625 73.4724 21.38681
1993.637 1758.491 71.7981 19.84977
1977.501 1805.826 70.3604 17.66193
1962.502 1856.929 69.20704 15.04291
1950.554 1905.485 68.30521 12.67111
1940.451 1954.527 67.4121 10.66897
1931.909 2003.929 66.41725 9.032414
1924.194 2056.496 65.18678 7.720585
1918.046 2106.231 63.86844 5.960595
1914.304 2159.317 62.68529 1.997379
1914.415 2209.264 61.92078 357.6241
1918.561 2259.064 61.48672 352.7796
1927.038 2308.359 61.32614 347.6975
1939.727 2356.695 61.30201 342.8871
1957.304 2403.398 61.10564 335.7373
1980.733 2447.545 60.55538 328.3645
2009.531 2488.324 59.66573 321.177
2043.178 2525.28 58.46056 314.2131
2081.016 2557.982 56.97373 307.4733
2122.306 2586.034 55.24377 300.8369
2166.664 2609.092 53.29418 294.0069
2215.952 2629.172 51.02723 291.1174
2262.61 2646.902 48.78312 290.6407
2309.521 2664.85 46.45361 291.4253
2358.529 2685.248 43.95905 294.1087
2403.167 2707.548 41.64533 299.532
2444.229 2735.959 39.49239 310.8342
2480.634 2770.153 38.65545 315.4854
2514.02 2807.336 38.89342 321.4146
2546.241 2849.693 39.54763 323.37
2575.796 2890.083 40.10107 324.0266
2605.011 2930.573 40.58987 324.3426
2634.042 2971.332 41.08839 324.7873
2662.072 3012.698 41.72881 328.2212
2687.42 3055.86 42.8211 330.8523
2710.762 3100.148 43.80078 333.3887
2733.155 3144.854 44.70807 333.5023
2756.548 3192.732 45.70158 334.5915
2777.332 3238.232 46.3736 336.1316
2798.432 3287.224 46.60147 337.2266
2817.464 3333.431 46.96735 337.9537
2836.066 3379.82 47.29617 338.3262
2854.199 3426.41 47.39918 339.6106
2872.111 3476.538 47.24763 340.7671
2888.142 3523.898 46.33879 343.1313
2900.079 3572.44 45.50737 349.3657
2906.077 3622.036 44.9347 357.1657
2903.998 3671.908 44.69858 8.224722
2891.663 3720.257 44.82328 18.70207
2872.668 3766.451 44.84762 26.30795
2845.137 3811.925 44.78561 36.43853
2811.316 3848.533 44.83502 49.37502
2770.545 3877.322 44.8502 59.93464
2725.25 3898.277 44.42793 70.35926
2676.981 3910.828 43.68274 80.44397
2627.135 3914.808 42.81267 91.33879
2577.647 3908.938 41.95854 101.3452
2529.286 3896.373 41.14531 107.3324
2482.117 3879.629 40.3868 111.5666
2436.11 3860.014 39.703 114.4783
2388.167 3836.759 39.11004 117.1799
2344.018 3813.288 38.90654 118.6906
2300.235 3789.138 39.00422 119.0848
2256.532 3764.766 39.07337 119.2926
2212.877 3740.223 39.11944 119.4464
2169.316 3715.567 39.15049 119.5544
2125.909 3690.892 39.17352 119.6633
2079.608 3664.476 39.19381 119.7582
2033.355 3638.019 39.21339 119.7981
1989.906 3613.107 39.23391 119.8495
1946.534 3588.208 39.25874 119.8758
1903.126 3563.259 39.28986 119.9105
1856.941 3536.692 39.33214 119.9209
1810.757 3510.113 39.38603 119.9354
1767.394 3485.149 39.44969 119.9408
1721.136 3458.543 39.53402 119.8315
1674.624 3432.478 39.61357 118.5814
1630.354 3409.135 39.60924 116.9743
1585.498 3387.195 39.5379 115.1045
1539.808 3366.682 39.44199 113.247
1490.605 3346.494 39.3859 111.4291
1443.828 3328.72 39.45645 110.267
1396.799 3311.692 39.69862 109.458
1349.436 3295.705 39.93948 107.7991
1301.62 3281.131 40.08595 106.1032
1253.34 3267.918 40.18141 104.5167
1204.818 3256.044 40.30964 103.043
1155.942 3245.331 40.53455 101.7275
1106.964 3235.639 40.76649 100.6701
1054.524 3225.96 41.07062 100.2889
1005.217 3217.15 41.30619 99.93665
955.9467 3208.685 41.62291 99.52041
903.3765 3200.128 41.94476 98.95843
853.9075 3192.653 42.22402 98.17898
804.3104 3185.939 42.46937 97.15907
754.486 3180.354 42.66115 95.48132
704.7136 3176.823 42.75505 92.21885
654.5818 3176.368 42.81889 88.87754
601.4609 3179.092 43.02003 85.24488
551.833 3184.713 43.31843 81.85251
499.2393 3193.838 43.71621 78.52126
450.5504 3204.899 44.1172 75.9462
402.3485 3218.735 44.60781 71.43178
352.8936 3238.193 45.47536 65.72679
308.0507 3260.579 46.53895 61.50611
261.7715 3286.774 47.66638 60.18486
218.2344 3311.307 48.42232 60.32276
175.0501 3336.572 48.93032 59.79181
131.8799 3361.786 49.44815 59.64784
88.72518 3387.108 49.94514 59.55133
45.69711 3412.495 50.47772 59.37389
2.702156 3438.114 51.11155 59.00757
-39.45298 3464.827 52.20069 56.46528
-80.46146 3493.375 53.67141 53.98727
-120.2679 3523.552 55.62423 51.74824
-158.9273 3555.224 58.18306 49.66521
-196.35 3588.268 61.06537 47.48042
-232.4537 3622.688 63.46467 45.31942
-267.2947 3658.643 65.54231 42.78896
-299.881 3696.463 67.59451 38.15637
-328.9236 3740.989 70.20993 29.33117
-351.9842 3785.283 72.64877 25.95451
-373.9186 3833.763 75.15246 22.66226
-391.3597 3880.64 77.35966 17.62352
-405.5905 3928.511 79.27436 16.29849
-419.3499 3976.649 81.01861 15.50522
-433.0989 4027.991 83.13425 14.5611
-445.4384 4076.351 85.19086 14.12938
-457.4973 4124.888 86.74931 13.78829
-469.2658 4173.467 87.95863 13.45568
-480.7808 4222.223 88.94283 13.11546
-491.7889 4271.031 89.5218 12.12839
-500.9325 4320.222 89.70016 8.003935
-508.2168 4372.973 89.70281 7.833053
-515.0332 4422.518 89.70237 7.831064
-521.8395 4472.058 89.70213 7.811718
-529.0623 4524.895 89.70173 7.724489
-534.5133 4577.775 89.96741 4.134715
-537.5276 4631.017 90.38477 2.476022
-539.2597 4680.999 90.45824 1.707461
-540.6519 4731.021 90.41029 1.495018
-541.8991 4781.035 90.35438 1.381375
-543.1039 4831.028 90.32876 1.393614
-544.362 4881.044 90.39637 1.499476
-545.6125 4931.016 90.63214 1.17815
-545.986 4980.998 91.22247 359.4668
-544.1182 5031.098 91.8892 355.9418
-538.3356 5080.729 92.19923 350.3567
-526.7152 5129.386 91.61898 342.4898
-509.3789 5176.273 90.18367 338.3073
-489.5379 5225.675 88.80124 338.3258
-470.8675 5275.492 87.08221 340.9264
-456.1348 5323.227 84.67558 344.9197
-445.0598 5371.931 81.72993 349.457
-437.7592 5421.271 78.64469 353.6355
-433.6808 5471.015 75.62842 356.7945
-431.8357 5520.845 72.8802 358.9968
-433.2783 5570.79 70.41667 3.789042
-436.9523 5620.542 67.95544 3.758404
-438.2859 5670.472 65.12158 358.7913
-435.0371 5720.193 61.86132 355.1477
-430.0758 5769.858 58.70132 352.6587
-420.4114 5818.823 55.45276 343.8007
-400.1523 5864.126 51.66927 326.7474
-368.5329 5902.624 47.3328 318.3254
-335.1137 5939.805 43.13455 317.6343
-299.1763 5978.815 39.17069 316.9463
-264.9926 6015.078 36.06725 316.3455
-228.0717 6053.427 33.64839 315.7795
-192.9971 6089.14 32.42098 315.2622
-157.7193 6124.531 32.22567 315.0517
-122.4509 6159.918 32.23259 315.1173
-86.13492 6194.421 32.2557 310.402
-46.31186 6224.637 32.26167 304.4243
-4.072092 6251.49 32.27438 300.8324
41.86596 6278.107 32.25674 299.5896
85.52695 6302.779 32.30444 299.3997
129.0583 6327.285 32.35738 299.342
175.5101 6353.373 32.39677 299.2827
219.3531 6377.647 32.33759 297.8825
267.4709 6400.438 32.1782 292.7099
314.5998 6417.687 32.08753 287.3326
366.0882 6430.648 32.10567 280.7614
418.9205 6437.283 32.26917 273.3356
468.9482 6437.976 32.46979 269.9647
522.2397 6437.94 32.64127 269.9454
572.2788 6437.889 32.71418 269.9326
622.272 6437.828 32.76415 269.9197
672.2983 6437.738 32.79241 269.902
722.3022 6437.619 32.80704 269.8699
775.5396 6437.451 32.81067 269.8089
825.6274 6437.263 32.80471 269.7559
875.6558 6437.026 32.79086 269.7142
